package chap15;

import java.util.Scanner;

public class ScannerTest {

	public static void main(String[] args) {
		// java,util.Scanner - java.io 클래스들 변환 -
		Scanner sc = new Scanner(System.in);
		System.out.println("정수 2개를 입력하면 덧셈 결과를 보여드립니다.");
		int first = sc.nextInt(); // 100 200
		int second = sc.nextInt();
		System.out.println(first + second);
		System.out.println("한글 문자열을 입력하세요.");
		sc.nextLine();
		String third = sc.nextLine();
		System.out.println(third);
	}

}
112 97 99 107 97 103 101 32 99 104 97 112 49 53 59 10 10 105 109 112 111 114 116 32 106 97 118 97 46 117 116 105 108 46 83 99 97 110 110 101 114 59 10 10 112 117 98 108 105 99 32 99 108 97 115 115 32 83 99 97 110 110 101 114 84 101 115 116 32 123 10 10 9 112 117 98 108 105 99 32 115 116 97 116 105 99 32 118 111 105 100 32 109 97 105 110 40 83 116 114 105 110 103 91 93 32 97 114 103 115 41 32 123 10 9 9 47 47 32 106 97 118 97 44 117 116 105 108 46 83 99 97 110 110 101 114 32 45 32 106 97 118 97 46 105 111 32 53364 47000 49828 46308 32 48320 54872 32 45 10 9 9 83 99 97 110 110 101 114 32 115 99 32 61 32 110 101 119 32 83 99 97 110 110 101 114 40 83 121 115 116 101 109 46 105 110 41 59 10 9 9 83 121 115 116 101 109 46 111 117 116 46 112 114 105 110 116 108 110 40 34 51221 49688 32 50 44060 47484 32 51077 47141 54616 47732 32 45927 49480 32 44208 44284 47484 32 48372 50668 46300 47549 45768 45796 46 34 41 59 10 9 9 105 110 116 32 102 105 114 115 116 32 61 32 115 99 46 110 101 120 116 73 110 116 40 41 59 32 47 47 32 49 48 48 32 50 48 48 10 9 9 105 110 116 32 115 101 99 111 110 100 32 61 32 115 99 46 110 101 120 116 73 110 116 40 41 59 10 9 9 83 121 115 116 101 109 46 111 117 116 46 112 114 105 110 116 108 110 40 102 105 114 115 116 32 43 32 115 101 99 111 110 100 41 59 10 9 9 83 121 115 116 101 109 46 111 117 116 46 112 114 105 110 116 108 110 40 34 54620 44544 32 47928 51088 50676 51012 32 51077 47141 54616 49464 50836 46 34 41 59 10 9 9 115 99 46 110 101 120 116 76 105 110 101 40 41 59 10 9 9 83 116 114 105 110 103 32 116 104 105 114 100 32 61 32 115 99 46 110 101 120 116 76 105 110 101 40 41 59 10 9 9 83 121 115 116 101 109 46 111 117 116 46 112 114 105 110 116 108 110 40 116 104 105 114 100 41 59 10 9 125 10 10 125 10 